AHSG	
ALB	554,555,47,48,49,50,51,52,53,558,559,132,133,134,135,136,137,138,139,556,557,368,369,370,371,372,373,374,375,400,401,402,403,404,405,406,407,408,409,410,411,412,413,414
AMBN	28,29,30,31,32,33,34,35,36,37,38,39,40,41,42,43,44,45,46,47,48,49,50,51,52,53,54,55,56,57,58,59,60,61,62,103,104,105,106,107,108,109,110,111,112,118,119,120,121,122,123,124,125,250,251,252,253,254,255,256,257,258,259,260,261,264,265,266,267,268,269,270,271,272,273,274,275,290,291,292,293,294,295,296,297,298,299
AMELX	18,19,20,21,22,23,24,25,26,27,28,29,30,31,32,37,38,39,40,41,42,43,44,45,46,47,48,49,50,51,52,53,54,55,56,57,58,59,60,61,62,63,64,65,66,76,77,78,79,80,81,82,100,101,102,103,104,105,106,107,108,109,110,111,112,113,114,125,126,127,128,129,130,131,132,133,143,144,145,146,147,148,149,150,151,152,153,154,155,156,157,158,159,160,161,162,163,164,165,166,167,168,169,170,171,172,173,174,175,176,177,178,179,180,181,182,183,184,185,186,187,188,189,190,191,192,193,195,196,197,198,199,200,201,202,203,204,205,206
AMTN	
COL17A1	1178,1179,1180,1181,1182,1183,1184,1185,1186,1187,1188,1189,1461,1462,1463,1464,1465,1466,1467,1468,1469
COL1A1	
ENAM	43,44,45,46,47,48,49,50,51,55,56,57,58,59,60,62,63,64,65,66,67,68,69,70,71,72,73,74,75,76,77,78,83,84,85,86,87,88,133,134,135,136,137,138,139,140,141,142,143,147,148,149,150,151,152,153,154,155,156,157,158,159,160,161,162,172,173,174,175,176,177,178,179,180,181,182,183,184,185,186,187,188,189,190,191,192,193,194,195,196,197,198,199,217,218,219,220,221,222,223,224,225,226,227,228,229,230,231,232,233,234,235,236,237,238,239,240,241,242
MMP20	154,155,156,157,158,159,160,161,162,313,314,315,316,317
ODAM	
AMELY	
